10000
80970
54271
99347
11572
30014
671
21372
88608
51308
53410
33212
45751
52357
77822
5023
12805
51335
26649
54434
2127
63405
58683
60328
78229
53880
82886
82479
97960
32293
14435
6272
19411
33581
56886
34749
95399
34510
16294
31526
64173
56873
56748
66175
6750
59757
58726
80953
51691
69128
56042
82049
92181
1751
9004
80893
95525
72371
76888
12078
17363
85877
26973
47881
61355
51832
74434
67969
54896
61482
10014
28174
70212
28435
59437
40471
89946
8045
14223
88939
21165
56071
83293
84598
77454
23305
18809
58916
448
18107
79419
68557
44113
54219
27161
35401
71856
30393
71797
90335
11678
44481
81658
79239
97647
55263
92596
64749
26349
24594
98646
7555
38772
96591
88627
58218
31803
18308
19347
97989
21333
445
73464
37474
5181
65340
54320
71907
94550
28531
45531
11262
53506
91482
54296
28230
44800
22205
70300
43739
16411
2180
44645
11628
163
36792
97807
54481
55048
36356
82056
81022
27010
79941
53136
41200
10750
5470
67267
34077
13248
54781
98290
39020
22876
17486
16773
75028
30542
48443
54373
37988
36043
43571
8373
40466
45748
54222
38510
88431
66693
3717
54238
53375
61167
13101
38670
56963
40620
98850
43463
59885
79610
99458
76012
94288
84204
42401
95254
74760
3969
36786
4660
89167
34635
22154
64609
16015
82662
75543
42400
19132
45799
48432
96584
43114
28418
29312
6119
91932
81317
75910
61920
61798
64567
90990
62448
30820
40006
19045
40361
23379
79531
31873
98105
15693
89219
45234
84456
25391
49459
94067
44263
21483
66856
87609
83775
32632
30864
30576
19203
87524
65714
7033
18235
54418
88145
60870
60167
17475
70323
69047
27132
82707
83228
71961
14191
34353
2257
82403
54913
71380
35904
85176
54678
6981
28422
28992
89102
67205
31740
48191
97109
63028
65040
62983
3878
41860
96805
72976
15456
16270
6760
4682
3334
45920
47804
62831
10903
12953
82527
47069
33096
48148
58478
91213
11874
61437
12434
85780
18574
13669
16607
33841
77712
88629
90420
6669
97818
80739
5143
77169
4017
85215
21378
8722
88217
64400
23553
56092
18398
78075
24591
63613
78964
60817
79
3881
64832
51920
44946
43464
18596
87287
81303
916
14240
38914
57112
51713
60328
76636
90368
79811
67345
91832
74821
49796
58992
21187
10221
12229
82800
6429
98494
82721
39347
11449
26255
421
75628
44991
91504
77536
75518
94164
39059
80949
56222
4166
19799
46183
64370
83783
33779
38476
63865
2084
72638
72411
38651
14889
86430
73142
4767
62936
84449
71909
16281
91916
37008
20033
53055
43468
54182
92850
11307
27151
36785
21476
28603
57489
63784
51309
26733
23729
21999
61945
82397
38190
94522
83569
48701
37249
6746
63178
35639
29746
28274
28364
67520
41757
52312
62197
64950
94347
59408
85354
75835
96347
73584
19063
71336
98960
74866
75841
65515
24750
97082
2990
1592
41414
46230
29123
21357
31635
62436
1187
97306
37583
49196
37016
99345
8916
48482
53825
97579
24000
94581
95518
29157
7776
23651
29593
11214
83315
87188
19675
31790
23340
56160
25081
25500
17934
88304
186
51505
34986
31840
88115
49646
83640
89899
1879
44736
78439
74457
69811
56094
90130
82330
34270
46984
13706
54335
34525
60073
74672
74996
743
23676
2634
40801
70353
65833
71569
79029
66497
49241
99534
6340
8356
24003
86865
54265
28715
50376
31727
13111
72084
81647
53840
64947
12178
99466
57830
59086
81367
6380
22828
67524
38629
15508
29482
12164
21117
77787
30311
26243
43827
53594
56483
12233
1060
43080
27285
31698
21286
78015
40553
71311
88459
99328
4543
45142
27418
90068
89837
701
71841
3816
19014
65982
7661
15770
41990
4413
2214
35302
61137
99392
58742
47623
20501
38631
18267
81093
37510
26968
87917
99152
68545
97407
72768
87285
64584
11944
75304
78825
26510
11689
60397
17462
47221
18545
51225
56136
58033
44128
59284
10052
69959
98652
17429
49429
65917
14238
2296
5218
80993
7930
65605
29494
6172
91499
2032
90517
89608
6657
64068
1325
59211
26235
34345
33108
18155
38413
85676
51274
29579
9869
30747
62582
57124
35465
78267
83446
73762
2381
82208
90008
24516
10972
17827
72768
10874
96443
13232
97947
2126
42297
56565
86525
3540
91504
86884
20456
72872
80664
41317
64476
18757
21825
54810
27389
28038
68396
89305
13865
14643
28377
29109
70756
16742
66131
85189
50705
74615
73665
6423
54391
89059
6416
64105
57268
59216
85151
74067
45942
17211
6806
1414
55121
25363
1908
57952
75241
21003
15981
2658
91911
99731
93656
79905
12084
28589
34781
86921
77553
51001
17108
76216
12981
49796
48269
20600
64652
48276
88229
71016
29481
26890
30095
4356
80948
69615
63828
56375
62443
803
81573
72913
58279
29263
3641
5577
93177
32125
93213
35932
40956
35587
37750
90572
48198
53935
79494
14898
95263
97258
4582
78759
33020
54998
92461
87118
79268
77099
8197
49343
34818
78245
75063
36428
29575
25400
40736
11309
52571
48361
42192
55793
37821
44819
83913
84474
76602
53635
83977
81726
86870
20552
92945
81136
99467
44668
38699
9238
36660
71058
32401
83302
49571
70212
25509
6414
41610
74671
42095
43893
11148
57132
85488
85570
72375
28623
5237
26316
50672
53721
82605
11165
18589
1639
673
59983
30442
16094
53884
25276
47143
74881
83386
83623
36499
12866
58851
60802
18687
36752
21431
28074
83765
68350
71440
22822
52135
20317
59937
49301
74221
4562
17033
81936
6678
5319
70495
73951
53857
64382
76154
46329
47572
6588
59177
84197
4111
1867
28211
8566
16534
26530
69391
46139
55297
8519
95787
4867
95797
37918
85071
3618
77869
55472
69885
64983
67659
70946
4640
91085
88149
70388
26730
89863
62219
72279
58150
77510
72460
19648
52341
39359
63092
53274
12667
8397
24705
76298
84724
15537
83871
23002
90591
75102
21229
59403
84374
60946
94169
28562
3694
50914
2009
18874
58478
29994
7278
76527
29841
83691
31114
975
38299
49384
28473
78869
94630
7626
85820
43546
13520
7821
77326
40383
35172
28547
52783
77380
16946
79744
93781
93608
30800
97765
99421
12779
50821
74070
29542
69436
37926
61132
88526
42709
32502
29579
39770
84994
1231
25096
56981
57328
33272
42228
84447
57083
62423
83540
45896
50064
13305
9284
6442
81977
14530
54088
16281
23884
92812
3985
91275
15096
54984
21631
78291
28188
92620
16821
96356
67479
64204
73339
2753
94573
30813
322
30589
34375
96114
782
19951
6981
73083
74295
47773
50175
6381
24027
43601
86812
24659
71368
26515
9445
71088
14563
50203
72265
96498
37477
97287
51500
39075
2155
59033
87854
22214
53699
94367
22373
84119
91717
32646
73046
7881
67257
43808
61635
19180
10451
17914
88901
15436
93048
70556
21000
38291
35050
6379
71939
4831
89947
25094
46098
79449
16291
49376
43369
6188
86118
3315
7620
28316
85940
84283
73068
93413
81177
55460
4896
24611
20706
55606
29548
46409
86695
62003
75084
34348
25238
53909
80562
16938
8148
64356
30736
21167
97274
16254
20084
16190
89087
54187
69340
18239
82340
91289
79309
40991
26041
59637
51230
96248
84425
15597
7143
13910
36899
1626
78851
88031
56634
57375
85395
59607
78829
66417
65886
88772
23569
7310
86190
46182
46211
44525
34715
37475
78719
95232
59764
75649
21447
28255
88980
52855
65626
66457
67614
40544
98113
36631
27630
87538
14877
52508
10561
41406
56652
18315
69366
39042
82241
24948
49799
96852
45095
20639
95857
56157
24422
23384
88292
43051
54728
38790
51668
15172
53872
57714
36824
70603
50246
46925
63054
95423
71061
95036
44143
22156
80254
2612
57734
72728
8820
67263
10645
16440
86494
17537
74053
4152
60641
93185
25266
25457
59751
29146
63071
7845
43344
41163
38007
69808
2830
53801
63959
98817
60450
46300
97978
54003
1612
92009
63540
58393
75815
75757
36663
16851
3863
8235
93010
49431
46663
46266
21131
87416
21270
24536
43044
42655
49428
16943
83187
36606
43580
53802
1806
99228
40494
30239
24388
73964
96138
16507
6287
23805
55611
60878
57957
63228
73418
60199
34726
88710
11060
44143
1171
12968
58640
60305
5106
46968
40683
91586
24358
72820
69931
67071
26896
24390
19156
20286
75447
86947
75766
54778
96819
91658
79969
85401
70793
99742
39886
90356
65026
16914
80862
31492
89290
67316
931
7052
65044
7542
33586
96852
67214
32188
81723
48927
76648
79491
86304
10402
46153
61146
4444
12954
59644
83456
67879
36327
99554
4231
34560
30732
5130
67706
28924
85257
19650
19308
62625
17668
92318
17522
76479
22742
57632
68623
57431
37503
88947
25048
2495
90214
65632
51569
91248
62463
40830
70849
77712
9924
48785
64220
83950
60554
98700
56432
10376
70939
8182
13254
804
72658
56396
28944
83077
31145
10605
17864
6566
81722
54836
7597
3128
52726
91927
96975
72190
91063
71497
75486
39122
29380
70572
1326
70496
99193
93102
36951
28271
23002
70026
36043
29438
19990
62982
91075
48861
70041
15934
29991
4233
69930
78011
86647
41774
32782
58647
42343
95738
67548
29145
38812
99327
1951
43513
9477
41542
19230
75178
9705
36948
51643
5464
18195
21344
58871
39983
26830
82777
62582
69411
74108
94512
44431
66282
89025
49827
33127
30220
90488
68884
69472
4336
25372
49865
54220
5608
39094
86120
89609
27278
80938
25041
38568
91272
91559
51366
6554
97739
28992
36314
36062
77541
62334
72682
48130
34138
16290
15122
20322
63491
36612
58563
72348
19574
60943
16228
28679
54793
57320
72994
86087
22393
8680
66352
16583
50190
29971
79872
3125
58277
98109
65685
64528
65753
11984
88230
36537
27874
57156
33560
35986
55218
73959
63935
13924
1107
43406
7900
77730
85432
51085
11125
80086
45676
96353
64190
71585
2392
23844
35689
93437
13344
21416
95021
64657
57666
55217
13228
62363
84464
70880
33504
32054
77791
29754
82842
17206
46878
80092
593
41125
40062
40825
84958
53043
84047
82595
35300
25762
75017
6739
82498
7347
73053
89306
82062
51606
69928
86736
27235
25973
24716
26687
94090
31828
34430
76645
4323
56561
82688
74473
63064
57596
18131
65689
79036
41076
22259
68623
12170
23381
20397
89492
85506
51045
61309
49155
56797
67085
49869
64084
92619
27786
86746
60090
39362
15758
5738
22673
42074
68685
81188
55459
16586
73477
32497
90955
83466
70992
96195
71009
58445
26521
76692
60721
57895
82977
87442
85321
22855
97422
67930
5899
76007
70507
17917
22914
80166
16574
29974
821
1172
98803
73937
31757
6614
45017
32873
47679
85151
15708
12513
89155
3814
85946
65519
73271
36845
50058
48210
94529
40405
51427
65233
57045
45094
32949
87163
7087
24729
87257
92476
89616
51903
44304
33465
87232
95610
55256
46029
66333
85585
98156
95486
511
69758
44103
66649
1903
80788
93406
11748
73969
42975
19157
39875
22978
58722
20539
10990
34217
82587
30295
23298
38523
33896
22517
10338
71177
81987
107
98377
84572
73567
76818
36381
12145
25370
96544
37657
71271
64855
19310
66075
16485
59714
94606
38352
28527
95363
48769
86654
55333
42091
85409
3023
48786
94185
79130
47691
24167
65035
61068
38309
79807
63289
53256
33659
15439
49806
34588
53758
46872
17969
93014
10992
61846
1996
52926
48508
82461
45511
94882
52947
69438
98936
99324
22028
75611
74266
92401
68571
26781
62478
57691
18150
98589
94372
90968
93798
57374
27898
41187
63246
58482
87335
55749
65691
93714
76389
8784
71509
23694
93502
86706
10597
68233
18544
5030
17795
71078
44386
47578
33904
19731
3935
53217
82891
90271
78207
70996
37603
58080
97455
17967
40532
27265
79304
23971
20957
82616
744
46150
97047
17662
7966
54545
8094
18649
70060
69949
58270
14989
70136
67456
2095
76176
3840
58208
53524
16962
39509
97060
18354
39458
49940
35441
5038
99332
3600
71772
94382
29423
26698
8221
42355
690
52527
14512
66431
77196
7245
6195
14221
5408
93143
43881
52690
60342
89474
86179
35000
82722
27505
43380
55727
35526
60297
29757
89257
73444
91429
30464
99058
45638
75936
55353
17271
47436
76455
42294
69784
92928
50246
89960
65773
27852
1370
30357
20034
86822
31630
72957
70644
69867
9602
1904
83055
30870
91028
38606
19331
24271
26047
10772
72714
59964
24264
56406
671
61433
34335
91207
86768
70343
79705
77640
71608
51791
34553
29014
46119
30581
1115
17734
42123
29836
96029
3432
60361
81454
83527
46139
81710
85715
98702
16142
67028
9498
56931
5653
97687
19319
19084
845
63130
60181
73256
97542
90311
81196
76839
30331
20760
65781
89422
95778
87262
48178
49260
22134
99336
31770
21099
54358
69773
70
92594
32120
41379
69220
28801
15253
20062
99550
36798
44570
72133
91397
24605
57318
34309
80492
75467
68404
52607
9090
97747
23131
59275
13714
78687
5252
53996
65832
62973
10586
58780
13741
42050
90207
40799
67215
4202
56531
87866
10723
67037
80103
53597
28541
73802
52932
57916
2501
42786
58563
34015
31079
55469
60600
12093
33069
42872
84942
38493
41723
79696
48342
42585
92413
90182
37106
85864
36287
57567
54027
60955
83755
76835
72307
56546
44142
3247
99215
33800
39062
85115
995
63795
65807
15924
39950
34982
98361
20777
61396
50932
24612
40451
96379
70021
84651
2168
2529
20263
95198
98928
46020
77734
74123
65773
77704
8638
81819
59928
82043
78938
24792
3326
13443
23427
38595
50889
58208
60026
12134
31999
13240
25916
59726
251
47952
90152
56719
19341
46033
49039
97477
44321
99295
29598
80539
54238
7064
54594
65053
68453
13578
8724
49509
47977
49993
32525
46826
31872
49285
72453
17323
64005
80369
90031
19168
52560
45753
84725
17877
56492
85378
42967
51528
95125
88691
93854
48138
10345
50446
21006
42376
41107
20516
63749
17052
33217
38197
43038
84989
23221
17302
9621
75145
96826
67745
62462
86165
85807
48159
37283
40353
42676
34428
94344
68434
99608
68537
29352
17313
73311
66843
7435
7881
94449
86677
61748
18483
73996
84936
47264
31402
41888
23489
90496
24627
60427
80401
67054
24509
95209
3421
84110
18046
21266
32040
5259
84290
82006
96299
33105
49566
4329
94387
73198
58670
11952
86720
62938
20434
75738
82508
48068
82085
63474
32227
2847
86606
51596
35159
80351
21625
52002
20566
31624
50082
76131
39926
48521
30990
87188
5173
74968
97234
93534
72408
33175
47185
13853
40101
14587
6036
99474
1280
92136
57438
49258
30022
58526
91683
99515
71408
48130
69085
24889
75918
37510
99753
96303
87781
97230
56410
57150
20010
17757
4781
53540
13414
31921
35296
91393
76022
72431
62408
83651
48664
94974
20524
81236
84191
7960
39483
97950
30340
76292
81506
55900
25699
61079
93183
24240
89771
49207
49559
56856
44995
54008
81254
23773
38795
62490
33508
90884
43755
76603
51996
84005
65657
22913
18437
35622
76283
12519
96863
76300
15880
22679
65655
55844
58450
60720
63768
79351
22219
16549
68115
10952
89053
89056
43192
54289
14603
88702
72800
5548
11983
85989
35771
48592
12294
19990
99295
33368
59216
49548
52368
94901
15278
14331
84717
49204
93690
45461
12482
93433
83140
28827
42394
41733
60557
6884
31497
91424
67934
44581
56089
77197
12464
59821
17023
7221
88643
20134
88406
2262
34473
15356
65916
61692
49024
75371
64985
91605
42469
21622
3858
12167
23300
75351
22981
23785
63531
35577
69705
35310
435
23396
77096
89303
35145
37898
51900
51494
64730
20322
26815
12253
55960
35029
79772
10079
63351
72427
26265
54596
46102
91238
86175
87307
98899
56338
15011
86000
70660
5665
63432
88478
67641
19379
39119
8645
88298
27318
91052
25015
76376
73530
39236
87566
95369
87066
30124
60264
88288
51098
76453
37261
29150
29086
91285
19856
65275
5878
64902
1870
70252
71877
9255
36570
60907
60506
89045
27920
54988
63741
80508
18197
91117
32630
45254
60032
77200
68256
78025
97639
1493
34090
81235
58618
92010
85916
86563
48472
26160
69127
62971
24600
39328
33162
3264
51308
56710
10104
10047
78259
39155
90036
26093
45832
79138
98235
8299
44605
87153
24006
56195
38436
52363
96029
66808
13383
48428
85731
73076
84073
14210
30609
68219
81173
51901
86375
13805
94105
37836
91260
75802
79822
74553
92649
30478
9602
27824
4234
75650
86383
25587
56907
17516
83396
22102
21979
60232
77712
72952
71789
8989
96125
6996
41310
63147
47768
12907
44397
19809
75887
97599
70436
8614
10442
83680
1726
67659
82668
42010
54473
63424
23704
53738
18616
74268
39403
4769
14950
79284
64474
95170
83702
12496
23538
69890
5095
20164
41087
45220
19302
32920
38300
11623
72209
91844
66156
27118
57330
41215
95524
74445
61156
10816
26094
69413
99669
52076
11536
18509
27894
1116
55733
28785
95185
13663
66190
94862
14885
16033
69292
1745
93075
76595
92616
3503
35362
76240
15994
73104
4563
26675
13939
7592
46290
28898
34471
60122
25539
74477
78864
84046
92145
71417
74282
65855
11581
52571
71342
82385
26750
96265
26993
6078
43206
18850
83398
53760
26753
1278
62195
92280
40964
87466
46550
30864
98711
41013
13825
3865
27887
55954
46710
50912
43644
90050
10644
56671
7628
1620
63987
9531
1722
87788
93471
88133
85729
92674
98149
98527
27620
31273
30733
86086
62350
12120
83018
54027
66134
74140
31468
30023
22883
70337
74761
6482
57311
88716
78099
76494
27223
69487
20151
74887
74936
72979
53709
67864
86107
38951
66076
66300
13591
55819
70587
2742
86259
57216
92969
38510
79535
75794
9757
10514
51593
18019
81229
24919
52922
86215
53834
89767
41795
86798
50747
67076
59801
83285
16146
81171
59124
16856
85442
30851
66337
60836
40200
53431
77945
18701
13108
52591
86788
67746
93781
75702
97637
52237
74013
94060
50318
2778
50102
33135
49750
72764
28502
94330
82231
12994
19483
57165
81592
33143
17566
53711
3509
37110
39824
54529
73674
38199
29753
50592
91642
81954
11427
11914
48479
61057
81295
95175
56276
94335
24285
73863
16812
4622
36073
71217
25784
83724
73968
14877
63051
49119
20980
15159
67631
92348
37789
45313
32241
51860
88369
57645
93008
51404
91477
3976
70804
47434
82699
15267
26414
2674
37913
83084
5739
15184
58743
60171
56520
42830
41433
3814
43406
97848
94182
66634
95379
53922
32688
97797
47582
14275
86208
29832
98371
19115
58104
89699
10288
9803
72250
34736
75528
65580
45796
28005
40607
93536
37131
52146
34725
24902
79176
65346
71360
88831
92747
28488
61664
64313
39603
79247
11283
80490
53776
69294
46961
65026
80617
32008
50412
49234
12974
17740
79736
58774
67155
54595
25715
76239
28654
48913
44483
77796
1345
3643
39961
72565
59378
91403
95195
70376
53360
6061
35373
43321
14898
62766
36584
53547
449
40251
6009
27213
56929
11291
66744
11034
51206
69190
50978
19275
18133
73671
35008
58880
52091
38107
30653
68624
75567
56428
35573
42611
33926
71511
27648
76796
91381
14856
6872
55844
23164
95076
39454
33445
26590
82006
21046
31048
85742
64335
90580
4944
41218
28698
68187
40389
23762
18119
25331
93753
19225
68515
64471
17193
26769
1834
24245
13080
74958
63933
76150
19689
46682
74006
18141
91006
68057
66486
55830
26934
55597
48680
89452
11675
61972
87926
93798
46479
60183
39246
87647
1562
49489
71327
40056
65211
24618
77854
78714
54740
64468
82058
82938
1281
13587
56280
11882
39142
96603
34196
18375
27851
70221
76933
20177
57760
62278
47154
43998
17404
54195
91099
22002
67791
64611
58794
61836
5772
30
50281
27252
6508
82161
52361
1422
94064
43689
1509
31080
74138
37350
46295
52954
41233
22559
34009
10589
75837
67235
97791
40762
15786
64208
81813
29179
48451
51582
91856
34160
98679
18106
37180
77182
85531
43576
31479
94000
25861
56457
89132
74728
95842
20013
62846
64593
3009
41940
90116
15179
99448
2203
27381
90340
13477
91779
48644
99023
92051
34460
59769
8851
62690
35490
61835
73549
22545
92059
18835
32279
98001
98030
12236
34499
90554
58853
51128
66677
24668
2634
64604
43124
67282
4158
98736
28790
9369
45342
77544
73940
57958
17700
53533
42966
18180
50269
13598
15145
84930
44439
73788
10562
26556
20939
99600
73316
30690
50242
10742
87880
59906
22674
6124
72512
27380
26056
48176
36248
50406
30599
63945
83753
56023
32718
29819
37581
99709
33345
64404
54075
56006
83403
62822
22353
21637
68316
71233
4121
21624
39870
94867
2735
23420
936
92893
53345
2253
10451
77133
45276
16293
31578
49409
62381
76803
85551
43854
18220
64229
29853
70671
34959
88444
82199
38167
15428
28330
40581
32583
7435
74483
10414
67005
4941
87524
89407
43076
44124
48238
55384
79965
6737
40895
37445
11150
2191
13099
19043
54948
32399
15004
46583
7387
96414
66922
54827
34314
15249
16932
80419
69639
81983
293
70764
6140
36478
48885
3415
46884
6464
90554
64756
3442
30423
80162
87249
7065
27901
43187
59567
65454
53902
58162
22500
14246
69219
77805
16464
98475
69739
14263
90011
11056
9217
50300
18397
95993
80573
25058
36875
43528
73882
13444
54383
12316
63221
90132
16934
27582
12058
92404
23048
37069
52417
42632
36418
54574
16410
93223
4803
41854
93506
48431
47177
63200
43673
29891
78853
50145
37453
87847
40978
34579
46512
9938
4292
73862
15520
39117
3909
95275
80997
28749
38834
63988
84723
23639
84226
73022
46181
1768
12878
22725
43432
41154
2315
46505
78689
25105
52089
54493
10765
79880
93475
56835
93676
7700
36174
28182
82392
58503
20687
39042
79573
68617
13826
54667
45027
13881
36362
41958
63714
83157
65499
69156
52114
94152
20040
5760
78325
25769
98463
48328
82629
71603
42235
66856
14366
41895
24630
86720
76420
88815
64296
42085
74569
50872
58079
31657
43650
50822
40131
79498
90107
7677
74796
71671
12610
74350
45334
37086
18175
17089
32626
97005
37726
92512
34378
55775
24616
7629
18382
91912
81223
74219
96529
42804
79825
16507
2068
30230
87338
32862
11525
12700
25275
68453
84331
60456
57512
68162
33863
40634
51421
12759
26494
23800
48481
63759
71033
69570
55502
62298
47846
7801
45370
14651
66947
5444
76804
81702
22016
96643
25727
5583
32294
3669
78785
10285
76537
85464
28538
77460
6510
28596
51273
21647
87523
81249
23280
82116
99033
92950
42008
94404
1475
861
87730
96559
5420
39467
52029
20062
13226
40300
31827
75800
58081
31587
22009
19920
44858
85017
98663
23416
14413
59539
89182
61674
20592
59431
38486
5837
47647
24751
55934
63019
57876
90321
64923
78858
68696
62434
9950
9114
97141
69674
95322
88620
56611
34230
16047
93471
69733
87371
45015
76347
4957
15951
61866
45850
72600
3529
32041
61551
65210
20504
77475
26765
20404
6560
92142
81518
88532
46712
3320
12128
69603
84098
21639
79775
79802
71348
12066
61122
86964
86924
76106
64427
94536
68873
11416
70747
83179
67428
13772
7207
25110
97587
28893
92714
11258
59862
85912
93137
96490
31749
37088
90977
1788
45698
94851
51875
47605
71982
57233
99579
50806
85595
92682
91057
73913
35774
70245
18788
61240
31613
53625
60478
72881
31735
81169
75940
4451
38544
58921
56277
74288
80248
86379
39031
68126
22943
17980
56057
63911
3549
51358
75462
11932
17631
67764
96269
73390
53052
45612
31809
11009
12433
863
19818
81079
33298
66889
85451
56758
15771
3228
40639
50969
11850
70469
41981
3664
21094
33347
39521
42949
27308
25883
55563
84528
48315
95870
91084
51428
893
43151
38910
11953
54810
62963
33174
81455
44140
42496
18521
44849
76095
60642
99003
60316
77423
91337
62180
95454
46449
33499
84312
98851
76857
56447
99662
58055
31251
61604
50283
87479
16013
64884
47951
44237
47832
29424
87935
14538
34914
8568
55967
55378
69853
46304
95498
1128
62199
4002
17107
69917
1226
72061
23944
56531
91398
65837
60484
99213
50356
19595
69957
41701
78127
82672
90725
93659
22539
1937
38614
71540
34507
37425
74878
82877
52356
24597
12790
40330
69281
26173
96022
4350
98461
64693
53260
33153
86763
90956
46122
74492
52065
69974
21667
70828
83276
87099
42979
1142
34275
54234
73818
80470
89447
35559
28082
4178
64520
82120
7139
92386
64150
82580
79677
86451
21597
75992
62204
29028
17877
90297
1579
15098
8816
46743
29611
1473
34307
89183
58802
69009
92917
36142
53058
31227
43462
88318
45371
14911
15330
98969
47868
89529
16607
19771
182
79446
11330
98377
17939
31426
92264
26155
88911
67023
53549
68564
5591
12454
28118
13493
41247
53631
62040
88919
38194
82969
10541
21741
7495
12971
81282
86354
67409
49478
56480
31913
78238
70985
84993
45912
97570
9524
43762
96301
91858
92153
81554
34642
7953
39133
19937
46988
99046
8238
8125
15783
20426
64884
53926
18082
5769
96711
24106
58009
35405
37171
57956
82097
56032
41821
90879
27438
91885
39835
84530
36610
4039
56901
67156
86109
25836
57554
90886
54531
81742
22493
59622
79332
33166
988
27570
11142
50074
68147
97327
11823
16199
55747
16134
35523
81584
57068
19552
10183
73708
570
97942
37918
18339
13484
20035
5000
51503
39702
7480
67919
56904
45985
12627
6874
43589
92918
88415
89618
26103
27771
52369
27783
87481
1814
15084
21460
20608
81064
38643
14578
34117
97895
40170
35558
92930
53573
95128
72866
89639
72755
64530
73075
52879
89691
28447
46124
1170
60047
45242
27481
48601
57061
43976
8889
26457
44706
26940
30657
63565
64625
80797
48571
96719
16099
12896
16900
21391
89892
48621
77265
15278
84705
19955
89463
90118
161
16106
58587
48079
56948
98050
68821
60859
6133
17863
95686
41431
37253
42771
10795
68691
79955
96980
22408
1144
69341
72479
65214
6173
540
28033
53947
45719
92188
88311
16932
54259
1890
74592
80098
77784
10917
99193
82246
13736
58017
67991
45000
63360
94341
65533
35788
74840
62332
47049
3796
67081
84045
75400
14318
3914
56395
15148
739
85296
11245
82737
8656
46166
9574
29258
8361
73548
82187
25415
15403
21066
56433
59057
59032
29005
6855
73020
5175
31238
28491
62545
11385
18899
4681
85534
63194
96391
72025
21278
92377
24589
3064
32943
94152
70378
2814
43473
46783
95541
85197
1331
74711
71879
58237
96511
25249
55372
86908
12647
13233
60191
23660
61765
93482
58391
94067
47933
38653
2731
85635
41265
28291
88224
90505
50506
11198
16227
3306
45143
65668
45023
95100
21827
38316
66018
99101
8896
26148
64909
83379
59879
68695
13925
30900
86540
8559
59039
8246
43537
29359
3231
49923
27569
53623
11466
92107
7092
70911
37074
87911
27267
43348
93831
38141
70501
419
98194
27527
67288
85556
327
33091
16995
38516
84718
26041
47232
65507
24499
95653
88836
37056
10564
3474
85405
24485
26220
28169
55226
28868
88339
79344
47830
4481
43272
73898
1004
31147
70593
57576
37616
7318
9860
46999
61074
39394
66903
94064
71264
28105
94836
54300
62548
52307
85216
37570
58410
63237
53786
21899
81439
83416
57531
26841
9898
5204
60542
87220
35394
9844
46738
91654
11429
25231
87554
52777
56710
98528
42822
67424
15396
74492
15182
1179
50939
33243
73879
93874
92554
17646
92889
83632
25110
89991
18857
22785
44155
7773
30622
40010
49516
80632
4872
84645
28884
8007
54712
85738
1863
43513
41336
8597
51011
92149
23797
81342
1526
90862
25283
44518
20766
89077
376
74488
25197
76730
21627
32149
3535
82134
5459
211
87628
58137
31544
64480
80330
11895
75383
51457
75700
24954
28746
40691
65091
2994
1522
57232
8180
84621
78473
79927
86474
73152
85788
8506
48196
55868
15770
64158
71127
72438
64347
85251
55840
75862
23397
90661
62225
75869
8893
76613
49210
20858
59275
71873
82260
30493
27401
33664
46345
43193
12854
46685
84373
7626
45622
62889
82863
26808
61752
46667
65443
96658
89563
85782
30447
4980
88656
18095
11959
24629
17771
16933
16971
18333
39945
47583
37405
19058
18485
6524
33533
10742
11200
8369
35328
75339
50618
63654
85247
93649
7300
22983
84845
70059
74559
27722
79294
17000
49903
59360
64089
88968
29380
49041
16760
7966
97539
52118
4257
19024
77079
74110
69971
70243
15050
66242
72360
75559
63563
6351
30743
84628
83827
73618
96210
80590
59652
2092
84409
46825
32215
94795
9039
6334
58788
55933
3883
5640
6931
85845
2753
38696
38948
37886
85836
42998
34453
97807
21
46156
30401
21078
17610
77472
13671
98968
67391
5994
43061
18907
99309
70051
30193
59473
34011
41364
58632
48611
51948
97154
2026
21286
72698
57513
9518
98338
3884
40181
87296
97412
8644
86580
82785
98789
60594
78908
58687
97438
19150
24448
2113
15698
44840
92778
31449
28786
44218
92072
58339
62138
86423
22367
25470
8562
93018
25351
9725
93496
88349
58645
42819
49060
35113
19231
26172
61699
93518
48141
64839
39645
57876
73281
9173
82784
76018
86189
48454
68173
78411
52997
50507
21659
79410
75282
89393
1863
15050
57235
33628
27483
70338
47564
83700
93636
8408
2625
7922
65696
83644
8068
48825
31107
10398
55432
21804
73673
24838
87310
11873
48
71225
9482
58427
12028
39876
19409
15035
29222
27884
24946
7250
34174
23868
82233
76836
3938
14484
34199
72200
16128
65107
76435
8336
95177
36295
3324
79061
23570
43937
33048
92835
44356
83125
87977
73972
34685
98699
96589
91069
99963
51158
94036
39265
18789
84368
89293
53129
75547
6859
98258
39079
13975
44848
79151
19263
35294
63002
86425
68885
15064
79461
36225
29293
10722
88365
76023
83466
65654
83888
35109
81659
56576
27394
67902
67264
2940
47531
40993
5685
32930
18339
31777
57760
35565
7101
25510
57813
84015
23155
22524
79578
61476
36445
60046
58714
19549
42372
64319
75394
58570
54464
37980
54803
36769
35281
46400
80167
54138
71597
20304
39580
38612
20469
34107
86983
83605
47153
29010
33057
1072
58434
16237
221
45906
32640
99491
83685
65997
33353
70019
20592
72042
92105
49618
430
99750
38015
25877
24483
6767
38322
53576
80093
24637
86885
28866
55653
81380
85846
4882
59880
87829
70593
65291
92216
44299
33327
44432
74761
94002
14382
44039
2854
15453
46123
14514
67716
49601
6940
26457
27681
27995
34939
58899
98214
7333
36353
2971
24444
59139
25398
24894
49406
90952
55399
1254
52194
66653
32825
19362
15421
50892
58493
93696
97252
24319
3452
31089
72057
44883
36465
65662
88121
81830
40049
25496
89623
69734
36757
5668
81399
27208
82579
72324
25853
34252
19950
3845
31354
29372
47332
91865
17248
76245
52240
9073
79834
86389
54213
55502
88740
6212
94055
99816
23432
60273
70375
28110
58705
58028
2617
25111
44525
2076
39325
34564
3900
60475
71373
52438
61952
62668
29064
80613
71057
22870
97416
96243
49296
89936
8132
46103
89690
26876
82913
79813
56974
16182
91215
15868
75424
97574
28730
67891
37287
26160
87729
56749
40581
42442
30076
59916
48081
82529
97900
49166
83446
17417
6228
76788
52026
80524
95684
13912
50066
99922
73041
44780
53080
93810
30072
44433
51946
67445
66673
92074
83239
71429
51961
33163
53238
44947
22183
96374
15128
62737
77819
26613
30369
20034
53683
7121
64747
92078
24941
28749
43265
20697
75338
94649
48333
13475
74707
12167
20026
30985
95923
91607
23973
82186
76224
94776
6030
19722
47474
88587
7109
35116
84726
96279
99040
36002
4127
70759
18750
80822
68292
27699
95228
95031
47814
91005
26879
23896
24995
86750
28976
94259
29944
50247
26043
29179
17883
6307
98346
23179
13150
54520
42615
91505
21670
80809
31380
93020
52002
75166
90614
95719
59845
18691
61032
87432
90047
75573
67776
82114
70680
4538
7247
7579
42775
12000
39321
12259
54623
74064
60943
98074
47658
39246
84553
2492
50988
96592
52832
51846
47275
49586
6721
79351
79388
76489
39476
8865
25754
87231
61062
59032
26476
82135
73286
13558
24613
79499
90346
9630
50176
39746
2696
3396
1867
87952
17262
61551
15776
2655
83664
42505
45602
50092
86630
97666
40725
38590
57879
97221
79457
25634
72345
75970
72808
14751
43288
25723
72942
31564
27375
77684
4735
61746
14700
34687
70306
46643
75649
42634
93448
72031
15763
99453
17805
51392
5487
53864
92029
41833
44622
67591
15191
28613
39497
75523
78061
29943
86107
62178
5578
51926
67750
89121
87018
91288
9528
20068
36263
37914
29892
48247
69562
6562
25009
57832
21903
91949
89915
10352
28189
40248
31260
48177
46080
98435
64152
43605
54062
95754
71069
25635
9324
57598
76518
85097
80625
49958
84815
86395
17690
95536
97793
54454
56537
95171
7444
72410
40508
30194
99810
1087
81633
58272
78783
53199
39016
19575
34535
80353
19536
33888
76978
9599
49678
14879
71337
69083
12516
90629
81908
4493
10533
22179
5882
1882
86585
54098
7890
20640
7154
36834
30441
77211
94323
26981
16552
23150
33616
67807
28931
32936
83496
56129
94008
26704
44645
6686
58276
1248
10778
10903
28566
26602
53305
83491
3772
83256
71421
70906
61978
14939
99098
1499
4718
31991
69152
7172
88314
14129
15429
40049
54222
5726
39878
72486
79953
68974
33883
14909
5090
86816
75385
16917
65964
75357
51120
89417
44025
24527
3861
10872
34977
22863
36400
31174
34059
37910
93446
81808
22757
49253
5044
5393
16321
77583
59342
62987
75132
15447
328
79547
40626
64513
50144
65464
30839
84490
77588
93657
89623
64881
71445
7641
44970
50055
52553
34618
47416
2129
54974
62877
89809
8016
37812
55944
64486
9508
97690
23669
56131
18431
97606
12173
29401
81515
25157
1853
32198
89709
35206
43234
95621
56197
95939
47808
91124
92652
42697
68995
82836
38786
20662
44192
88254
77242
11691
33212
55361
96219
84364
485
25945
51436
60241
68248
39672
2586
76957
28190
77808
66110
49003
89976
51010
22675
83605
87108
18217
2501
34718
77232
8403
30475
51671
14598
43452
43831
89692
39013
48330
12740
45129
1416
56123
5275
10797
99556
61816
86986
2114
84813
7700
43386
95711
13863
63106
96499
8975
40263
36801
3954
90963
15534
73424
50862
31861
61016
91883
16818
67206
80961
95338
97274
40481
96334
36957
47234
98792
21671
58744
42538
77607
98839
99583
74068
25290
95183
93637
31041
33438
68191
60596
44451
13362
55831
99506
59971
57534
74051
65421
74003
91881
67645
45110
64820
70913
6603
11168
57921
49511
49976
59172
24361
54834
62462
51853
94163
88174
23335
32594
43556
26638
70751
39531
95716
39280
4867
57524
29003
37423
46595
68732
49076
79171
33195
15283
19272
8965
28625
5458
15229
84912
33685
13883
8354
39291
27677
28135
5530
20288
83103
90361
76567
89013
86892
97081
40241
22431
77454
72499
88505
44460
72333
65311
11163
65349
77131
73373
84037
19348
27597
13098
27318
55014
82609
79121
20498
55933
29208
51897
61766
65978
83240
70965
77929
3608
70847
99924
71934
60581
47229
64880
16306
36982
74077
57196
6378
83705
90504
95497
62281
71642
86271
10482
46373
13079
61447
71120
5089
34061
71965
35191
50581
37663
41410
53949
37659
61136
55764
97293
18608
7746
7594
35961
44838
10226
22068
71845
73547
35227
96057
4459
75768
76243
70738
40205
10880
88156
24404
11807
81045
69213
44607
75897
91608
52156
19109
41227
45154
74846
9429
50602
63040
45104
57811
41594
81990
87429
25704
56980
80142
49931
6349
99387
57278
34826
64206
83942
75416
91051
55460
16266
22700
85992
82391
69652
81733
12668
11886
43411
27892
43744
20702
49013
88730
40673
82905
44784
94353
15168
30033
86253
63448
87149
37565
95483
82747
29501
76935
25922
63608
60301
54533
80630
14464
87002
78329
77365
55565
92527
47593
8032
5837
50951
32982
78699
15043
65310
88775
39359
90105
15635
52971
12476
6022
65042
29789
45168
7212
64197
76633
6330
55459
23723
39812
59160
78077
38212
62941
25635
30943
17561
99528
24985
26003
88075
78012
16406
85471
16180
14453
75423
87959
38843
12205
3360
75516
53145
99821
25503
35667
46719
26091
67203
47347
92948
52294
37920
88013
39916
14947
75181
548
74351
76822
96998
69113
4991
76744
14490
12256
11173
58636
83117
25809
53241
32159
25717
80672
41029
60219
46809
34099
51624
10641
37360
48788
65490
9870
62391
1251
62641
46183
13354
33197
98732
36222
19701
83742
15333
51762
86467
88501
63907
68950
83803
34047
95550
36374
82895
70615
54875
1193
85775
53184
96986
45533
47381
35928
73859
20540
2710
92702
88043
37092
83259
81494
32031
34001
28802
59326
69611
68834
71677
14580
75475
12283
66759
388
69885
70590
9254
33266
54934
23586
55713
20788
94094
47893
7915
10208
68223
40949
30096
55268
70404
50971
29132
88944
9638
32674
35757
27319
61150
96894
69675
84881
70496
1344
46969
20537
3731
91737
18823
96158
70917
87240
15034
90255
84965
57321
71222
17957
51960
40556
13779
59124
3414
53950
48721
52347
67836
5475
78896
62068
4843
73277
56110
65332
76950
20913
15459
84536
95685
61243
80628
25494
46306
84806
69253
35598
18525
23364
34054
26747
38915
37331
92753
24983
17028
8168
1776
34523
97530
28758
18630
10248
77645
16838
6615
9254
60972
33694
27836
94336
1436
17291
78555
89815
82672
41935
11232
69921
65365
28236
57490
57514
6616
65977
21255
70022
1136
76657
92386
4539
73425
93119
23006
73535
54798
28158
17411
27970
71215
88797
38585
95815
16325
10598
61245
69814
2874
3983
69593
37919
84946
30199
31200
50092
54271
5159
23486
34572
39970
3565
55215
97543
62164
8982
2759
11181
80488
51443
95666
34422
73446
17576
82089
65618
56857
65824
78880
38523
45469
56586
86743
6721
18152
36801
83374
12362
19594
36977
2296
52003
96544
52097
56366
35979
16079
10776
7065
77267
83961
50473
27641
75491
24006
71801
67096
3926
74120
66128
80612
95221
92052
53391
20445
54202
55689
37138
26781
66650
80146
42828
82156
80004
44115
92947
26247
6166
69562
48672
23487
39674
71658
10088
29663
91744
47207
47002
4552
43693
30338
39889
46876
75838
31576
807
75714
36264
64112
91484
75396
84057
96146
31785
70495
71252
25560
29318
64641
86541
20121
61402
25939
15976
49949
27244
52442
83753
47569
97032
20329
75559
54998
96981
64141
94575
29269
21027
87628
31860
13244
42845
51208
9891
53168
62716
57322
9901
63188
67049
23337
65599
72867
49544
3214
50451
3326
77046
68306
94444
18246
24591
65393
85380
12637
589
66905
96343
51682
52116
22136
62283
268
18655
76932
3107
27699
59342
8362
59130
73937
78436
30240
94971
30828
738
21714
40385
85152
37486
84999
31053
37709
11021
81026
54149
25789
46300
38509
98485
58666
44159
21921
85596
86459
47852
41949
74576
35053
22272
54686
31769
77078
71694
83009
91236
46338
50920
66606
32612
40409
62063
32810
58126
44010
15618
30322
86654
64230
95369
71690
5093
13877
57115
62311
85706
95287
24890
47950
75900
73010
90760
18347
60988
48611
77928
88576
95806
98649
25467
71986
54494
99216
91476
25977
93483
75142
47893
66369
73351
89223
27225
66916
66906
21238
27482
18857
48773
18493
1873
87261
59488
75780
38152
62046
76007
69386
74116
15096
89180
25166
76366
93186
92440
94864
22030
48980
65080
58509
89921
6746
52723
89094
45755
43975
63093
29530
6643
29389
22340
25426
3309
29311
24040
12294
96348
3538
49020
88515
72518
86768
1842
35374
23865
45925
13802
47687
86615
31613
98292
37999
91603
5849
69729
61262
73095
49158
70143
70879
7441
90609
12841
17789
27038
94142
77715
23440
10033
22765
71687
60711
47207
16491
11593
14202
76349
8839
6622
23103
89370
29768
20222
46316
6995
46982
80175
12332
29767
85773
6141
71860
13848
50233
10556
10891
19101
65947
28885
11173
50513
20609
45410
36228
49136
58842
85013
99867
3684
46927
45547
67821
63861
42248
44821
50600
42390
76665
49795
63383
29499
62754
53770
31967
3145
13383
34568
80057
14586
46627
91464
38871
33713
85807
61216
95705
69516
95885
59043
35299
90278
44977
26217
11783
65892
46563
15732
83091
74840
77288
65768
38311
26614
81385
26110
38385
29084
29996
81242
32449
7326
76275
1320
39637
10700
71366
74833
7500
43322
1372
89653
46415
43017
40320
78461
54804
93436
42551
71725
34564
41264
7763
73814
42405
24302
99245
15130
7200
79343
6273
62655
4941
45055
86684
59669
11544
45374
16437
77749
37882
11774
86687
90745
76891
97971
59246
69231
30828
69280
87426
21186
86013
28651
54435
48214
86661
23427
5294
28269
47730
15477
95463
95719
33769
96039
40608
47037
68416
5576
73608
45580
68562
30627
66081
34168
34531
28208
85858
94890
90993
79468
94256
68495
96168
55076
46602
23595
17460
60245
44821
1353
46035
58672
91863
4435
88675
54978
16873
81556
37808
84426
60599
85689
28796
83255
7553
84496
90580
27479
57508
48825
11963
14168
17933
8170
84077
91486
10919
9583
54999
12315
39354
29281
55624
1564
1833
46671
85229
23987
17102
33019
71229
63460
27935
3832
54625
13591
86258
27283
28502
36958
80915
73259
78583
90419
82488
39007
44244
74121
69862
66548
20955
8718
20198
61697
19551
67803
88227
26216
616
34065
3108
11076
50392
23123
86745
85567
61119
67681
11266
9189
11269
31185
48802
20911
64019
16734
99424
51676
47930
44152
93662
4153
14535
9598
86986
52763
18491
9994
56463
75157
28104
90411
30654
76712
11387
92402
42311
65386
22775
82136
76478
89655
91361
56074
54780
19397
6079
48875
93272
73987
28535
45786
47361
9215
93135
42263
45848
49981
90987
26936
79176
82709
32108
63532
84788
85221
33956
42897
76101
54743
74285
77356
38303
40012
33782
52233
26154
36126
4405
44128
56386
54412
24539
8081
62413
9612
12525
80049
98418
35498
28996
90727
49842
82617
53378
33655
6671
54329
18511
27618
25347
8370
26666
6750
79158
47642
65879
5424
57135
34687
5511
76675
52197
73821
84761
9956
75404
41833
94150
74268
82796
31871
72228
12152
56677
49969
54239
83197
26922
21806
40819
69366
62608
60250
60163
34003
25090
47935
23075
38751
57924
98388
15475
57608
22411
51379
60544
39859
77957
43468
88604
63319
77636
89054
30007
63999
70183
29014
54820
49342
28192
87382
75627
61974
6534
80534
40386
80067
9484
46569
78095
21397
45297
30167
93788
92639
16600
46671
50187
21932
62247
54588
45183
33681
48535
25838
72781
51357
95090
17337
15436
44314
62368
98602
97544
34194
82939
37062
10781
55353
773
12208
37152
68042
67067
4533
38671
93500
5639
30866
55685
87808
1784
18222
18606
10253
44064
25263
47500
30768
8682
31646
24561
51544
53853
46312
44887
72842
90745
30798
49035
43852
10036
41366
64059
56004
65349
91709
78618
94677
40994
16888
25580
15962
29504
49300
35029
5980
5637
54499
64103
50864
80173
45449
54024
36943
41768
76813
83153
98430
56462
70565
16111
38200
69033
87314
94069
94281
65801
77701
73870
10792
44170
53047
84443
97625
30119
51945
39903
92611
30679
81263
35861
31144
83084
62964
94875
8747
4078
93251
88151
87572
4124
31800
96265
94038
69283
90922
62496
31353
85604
8258
133
23937
2265
48083
16909
45771
24216
23186
43736
69305
51127
47346
75656
35341
50843
96584
77807
90789
94748
27550
85198
56977
96190
79458
80662
99724
70910
91111
43510
97486
19369
89107
4266
3852
51127
7655
76969
91022
37617
8296
68397
40545
25481
10980
6411
78003
49980
77355
94695
28481
76096
76954
20052
56496
97108
22947
85866
22383
91879
40569
64473
16732
54387
62808
85461
29467
22003
54386
30488
77098
18291
94259
381
96798
30656
48477
65415
77624
3756
6867
2376
61646
93817
11309
8293
91434
81646
67605
8046
1531
76721
10338
87565
40894
5278
78337
21609
2352
23154
58429
28265
67209
61422
36308
16296
19769
65720
64964
95354
41565
31818
70301
31073
73337
7263
45900
84323
68155
61552
16168
33480
86377
97899
19174
46401
77327
23845
14704
10833
44057
53694
39365
15112
60829
73728
96838
10048
54641
8094
52372
88857
35018
94934
34202
58977
41586
80823
41741
2393
43513
88172
77180
23746
53373
88796
11822
60406
43934
5047
18619
90569
22768
70571
98977
32302
35047
75772
54520
79826
27379
98685
41407
57114
17080
56415
92875
52525
86673
46883
76463
98444
9448
14203
42565
66746
58001
2364
11737
21434
53885
34214
37751
33166
31268
99939
42553
35772
11697
94760
76425
29016
40720
32270
6489
36058
89865
31148
44406
52471
16090
40782
95391
61138
11313
47218
72009
83957
76070
20464
44741
80840
57229
78022
91947
35060
74115
66251
47888
49719
18524
76840
7805
80322
59554
37344
97596
73701
712
46141
37402
99469
11814
24398
58693
86655
45954
86820
25027
98625
68191
74817
33704
6170
20426
11853
76952
88505
8330
58408
74136
71657
77926
50960
8342
23651
97680
79779
39158
56745
31768
9815
22384
94360
33172
4093
14426
90666
90891
31126
75288
49717
28395
90493
34784
61902
33811
79065
97968
21624
3053
85802
82801
87352
49548
68798
12173
66229
70168
10270
34493
55713
61783
23665
73061
83032
53229
97908
82152
18363
36441
64349
21336
92648
82589
51741
7464
72394
69242
7122
37151
47393
14102
4569
18605
90360
26102
44791
33243
53307
57190
62836
24456
14571
35848
96229
59354
96159
7562
61949
51854
75823
8675
55662
84625
82236
6121
57657
24604
37173
66602
41614
42524
35759
90175
24638
88273
29822
96143
93526
54804
48689
39238
32848
82962
83990
35235
72285
41901
57518
13175
416
90095
33292
33969
33080
82808
29391
73712
18093
76290
98462
85178
43131
20130
40784
90386
36860
94507
8632
431
11866
99823
91637
15580
44094
72388
40848
67823
92897
75536
31167
13386
7938
23110
13898
74417
418
69254
31089
28133
81317
67363
23094
75019
10731
44001
93054
32936
70313
55930
33415
47621
16526
44383
76981
96121
15441
74658
61692
68004
91898
66657
8418
88820
49035
71312
30381
72072
39531
26752
1109
20982
295
52773
21169
670
90365
49706
77172
45776
53292
77338
47814
49995
34002
35178
58143
40574
89970
21119
77604
4235
69855
13278
50155
47670
82263
17630
50051
85833
23315
61540
58315
7127
29646
7558
90856
87209
82053
13417
66786
91884
76783
75994
60475
86469
49562
76989
60238
11318
10426
65850
74037
12560
99615
93601
71381
31845
27581
51881
76864
12565
36350
13175
30726
28900
7189
51580
42161
56747
6731
55927
65313
50530
26605
42390
16136
72054
65982
60980
31365
18639
1737
3046
36172
7541
77800
24089
18476
69738
50798
44116
3822
7205
47725
42032
61805
30506
51563
52860
89568
74983
47834
69025
13684
36924
17001
22072
11294
34125
67780
84987
99483
96175
48955
97244
106
20682
18218
10578
37730
97176
78904
13848
50153
58198
34826
46540
86254
91974
59798
89228
80886
82174
28320
34888
50576
50768
8397
27489
17977
67384
50476
42604
87434
88338
20316
39573
4107
82962
64006
37639
85891
29415
7206
7320
80513
33623
52091
37667
16571
45786
49597
46848
90547
38766
96165
67804
86035
74128
59722
545
49321
4316
39444
62272
41240
14949
77570
27933
36246
81092
9344
29146
71314
56452
3363
86133
62308
4696
21611
65051
9490
91225
56942
42958
49274
83976
72317
81093
95678
69829
64551
54355
90901
4259
88112
88646
25192
22588
51476
49382
2743
72294
20069
13070
46576
18496
81823
4784
34884
39677
76159
58416
57302
87724
22261
59037
2517
34880
80823
15835
39427
84284
64693
47626
78376
98804
24160
54224
70779
80851
84401
67841
48793
72911
66338
44061
33466
99113
67265
44506
4620
35020
95143
42642
53044
37428
35358
60356
6160
52028
57435
11511
78528
86369
80597
88577
74487
74745
31243
44015
15240
75490
7471
82512
71900
81216
21189
24376
11856
74175
91182
43847
72015
75618
83371
4198
77184
39965
75382
9501
25018
13937
36109
89629
8092
70253
50753
28718
76348
89997
85175
2855
70958
15354
49127
75185
78454
77618
24128
52841
79255
50713
40993
97533
52429
85867
30175
64460
79144
70228
56317
35911
85984
39246
13238
55981
79254
84414
92032
44290
51183
68623
42784
58114
87824
43217
97336
16027
41263
71935
92759
35319
53487
30688
89565
3334
7233
85898
1514
42362
24063
80552
48025
41723
41590
3388
80736
68104
75425
5950
90079
34789
31031
46317
22290
58281
8640
27146
38928
32973
1592
95162
10595
71867
40471
57761
22038
95142
85215
13256
35151
19082
76616
84506
74834
70808
50594
26454
56397
22062
12955
31281
96248
14775
21702
72357
84014
37931
81856
2118
25157
72655
17506
25739
84345
98180
65164
44407
5364
72286
8666
71287
53790
72453
74232
8440
46654
23371
42374
69986
39681
87144
37431
65929
32759
46235
3267
73218
14258
8198
46218
87391
20411
11994
70537
7733
35402
51004
81455
23348
68493
55217
81042
39473
86076
71967
87543
99001
33095
21623
21980
99970
18027
12598
28088
51795
97575
9271
45150
13177
25709
59526
83934
9887
61111
24886
4697
97475
52134
1367
10680
54150
61816
17642
22564
37713
2605
4404
14137
22618
35140
15691
36794
60324
37492
6413
74939
15044
26998
83111
43377
29514
77398
13142
22052
26204
96707
6532
90740
17629
48344
49083
95939
4544
3083
81059
24933
79952
8254
32798
10406
25325
35903
90706
15865
37072
23921
64009
60449
53756
39173
60173
50585
29157
70466
18898
89066
50794
46103
51458
32866
3190
26250
28021
2510
84434
35534
90841
16925
71139
9268
35962
63228
7313
75669
69957
71991
44842
3107
85151
25397
24782
71583
38959
5331
39882
19853
30627
89107
37971
44369
71343
97565
19451
69500
12539
79603
86910
19010
80287
87926
21898
68600
8741
69371
92813
4001
15541
87072
96433
51993
90849
30502
53157
93545
60456
91004
67953
34792
19214
56836
57617
49944
33212
54913
15114
23707
38352
46840
13846
20257
66615
18959
26531
59461
26521
65298
86326
74410
62859
83413
52043
21218
79897
8521
51209
44553
2979
26897
85925
2055
29205
27641
28856
43649
15344
71159
35267
87756
90217
79378
606
92452
80058
54252
80371
71231
48078
34491
15757
70506
66169
48634
32433
25864
68407
95819
80624
59478
25658
16046
41289
97667
88977
84370
86217
1510
40419
720
81967
40475
42339
14387
45962
21448
94946
42361
52375
80810
87148
25403
69499
57193
20978
23813
88660
66615
90137
44769
5209
44273
31057
21333
62820
48876
15404
8720
44336
50435
61767
954
70310
86692
8134
67256
70073
60215
7521
69867
94728
29023
5671
39585
93667
50319
37446
69125
95233
52317
51912
50750
84281
36926
18745
99288
4002
19843
66434
17182
49177
46247
95951
42494
45575
61709
71817
37484
44924
86811
85972
33579
84025
49671
65841
84991
29780
30445
61363
29837
50439
22497
48956
33229
70814
18493
65362
75028
58096
67048
81033
44521
55637
83774
70989
3926
88884
393
21179
83108
16802
73286
55646
85517
78154
23628
13334
59822
13043
36672
58083
82832
67110
87850
49415
94256
99258
27162
72675
53267
68286
1497
49091
26214
13637
35490
64738
6159
87934
60151
70768
1495
66991
21255
77442
65440
79269
20744
21961
70596
58433
22813
91731
14784
53868
70073
17575
18975
9264
67959
90718
88103
79695
21765
97955
6661
69831
71409
42515
24603
71904
81797
29878
997
62165
99873
47053
72093
95618
30395
92758
39434
44130
23650
48559
47661
35565
80278
51809
94989
5576
52618
94359
9839
22614
36598
1714
95784
89851
31079
69310
39639
93139
3336
14394
21959
9390
3593
11896
5928
43500
2521
77895
38273
29250
46645
36389
59525
71587
22604
64515
84192
31134
99606
27134
94668
86165
57453
29062
8556
2635
18951
60503
76384
37269
46345
86964
16420
10471
54606
46330
94078
52510
36995
60630
53438
96067
35199
35138
4181
59038
86850
33860
96822
29903
64766
30935
51290
88568
62707
21690
76822
25037
89768
78250
35145
86648
46143
81957
10674
68247
28485
33466
69210
28553
75355
76075
73408
15471
57811
45768
31246
3409
53462
2812
14187
16739
13939
6744
87672
88146
20342
67822
96024
75994
75937
59404
94001
74711
20375
53240
10451
1030
13143
30485
87083
74006
76181
2737
88146
38004
55166
3779
69460
4123
88423
67016
70903
46183
71090
13221
49707
63364
59297
19681
61361
56697
6542
93193
12697
92370
65199
77924
36931
55740
62379
71450
48251
27051
36834
29517
51839
90410
14277
49985
68123
82821
447
23945
20276
39120
65383
72897
28017
90866
45397
99186
7909
94412
14649
13391
1509
51850
383
40539
48782
1616
71829
31231
24539
48047
15994
45900
16823
33782
77733
25318
77385
94379
14716
57035
94332
70639
50250
9441
73114
44766
63447
32019
80011
9797
86330
52774
57950
34588
27633
9819
12027
51392
40437
91424
3572
25600
19386
80331
43201
54020
66965
7542
37973
95860
32777
97913
6540
27804
23566
72517
75497
78576
26525
76295
78147
15991
86018
38028
33979
70892
87410
98575
74406
15029
19408
50340
16876
8546
75067
40441
54818
46933
97996
64313
75926
58131
8729
41790
93140
73516
48784
371
71000
5534
50351
86885
40892
50905
49286
24016
29184
96310
13256
41702
65134
94804
88228
3130
16318
18045
65272
73651
874
63561
77136
32122
96130
98855
93878
13134
52708
11746
7200
66398
58798
46012
22166
77165
77019
79037
63602
51413
20117
58040
96791
14098
94123
99297
57418
89250
55556
22951
64937
28877
35323
67015
7826
55782
76177
12170
31390
91357
95179
31258
22731
71611
1548
44410
43162
30614
22734
58540
84516
41920
27006
97647
52492
34857
63757
44131
99993
28558
66746
53605
15518
22408
26317
91741
27004
59910
85911
67697
54571
2176
68773
37327
97176
92777
95006
87087
48579
21776
7235
6138
82919
20541
670
25505
47780
26356
13928
52848
38732
72537
14086
57101
8818
78003
30977
60384
37831
95975
88364
56309
31152
78502
45984
61952
20791
24692
60438
12877
80291
6479
82397
72
26130
71489
63771
52443
83153
27863
25491
34035
8232
34411
92013
75495
54872
36259
77420
20883
61694
6415
11368
30172
55995
65237
44314
95353
82341
15842
21774
49663
35571
20291
30042
38585
46363
17820
62501
74840
77936
50604
36572
32185
4394
92535
36329
53744
81737
78110
60995
32436
63601
22427
92245
53227
49516
50988
1568
32335
36155
48634
35899
11136
7531
46415
76649
98152
20432
11585
58605
16572
48625
98086
63169
61530
48285
33588
54646
85859
84025
22484
52692
88965
54256
98041
32655
30512
47237
77509
95198
55369
26306
245
66907
10387
22027
81966
32201
68874
96149
34825
22165
67205
32535
77296
74
98563
60534
27341
66380
87783
99542
91137
98337
75810
36069
15582
39993
16654
105
80344
97989
238
82972
38836
30515
21313
55769
92319
43720
10124
80027
18357
28405
7718
89845
90186
40774
2541
57363
22777
94087
44034
80172
63559
17835
69198
89254
64457
75769
86884
492
19757
57812
73408
49799
14487
65930
9171
82272
19052
12831
42093
71694
69392
42814
68343
90926
27572
46574
46362
36346
91645
35047
3451
87607
71582
62700
45418
99066
87817
82888
55177
35774
59344
63427
53152
95597
41265
23567
99389
36076
40518
37863
75814
94036
86225
87392
44521
90606
28319
66099
92255
67093
9692
53738
52177
171
94457
63553
97412
66440
86069
38433
91832
93960
88534
21466
74494
70181
42757
32512
5768
76169
10837
24826
71438
40914
75076
78940
40183
74640
36671
77599
76523
35647
72338
37546
90522
6424
96480
16236
97756
27564
91875
29523
12405
95248
53910
93914
24756
86178
98691
84454
71027
44344
86893
84179
78288
57648
2558
83653
41987
69036
95102
42688
30741
34244
67109
36764
34660
10088
15979
8042
56293
38987
91356
18103
91565
9443
40982
43557
45850
88748
34720
37313
45844
26353
8275
66890
57612
40286
30342
90725
37399
44152
61497
30322
79605
72970
77549
48450
82605
82378
16874
84288
61515
62938
51964
13602
2211
18164
94110
6833
48716
22425
39167
84139
76678
78642
40238
82465
45916
23376
98461
5206
68083
76253
58927
40395
78179
95304
2209
98289
89824
41840
36681
47298
85411
57442
56650
9891
96377
98608
42765
79826
24431
87260
88599
58809
57098
92799
9366
30502
8497
46373
48861
32482
98373
21664
88970
22689
49488
74216
22953
55536
79306
780
90445
35500
64772
23286
79559
76972
5033
95297
21469
46026
98702
52134
91868
10203
75727
34153
91971
17788
77140
92909
99192
3100
42003
69571
76468
88993
24494
88450
66357
67883
17273
49394
67964
71962
54157
8583
799
15804
11568
61665
83306
54167
60087
63833
3795
93045
25650
9157
41503
19374
60998
77460
59029
73066
59437
78684
16785
34327
9287
59052
39886
68678
16396
39751
46780
82176
95618
22216
5187
31004
85740
79507
95703
32600
66419
19568
85129
2274
55355
63266
46267
31993
36094
30523
48018
72879
90014
3026
35457
87277
66104
60914
96367
45417
48876
21416
75141
73711
9843
51148
19090
28561
6104
62152
23722
51225
2684
31418
9385
49127
9411
6100
74047
21731
48117
1122
97046
98412
1107
63834
68461
41137
84719
43548
24994
58182
15010
13025
68644
87355
84784
12657
59113
61919
18114
65103
36217
28851
25433
10752
11542
67937
53930
78614
78409
93191
58777
94747
92360
5886
73928
41287
30261
36246
98732
40597
60288
49917
22290
44302
63044
44245
96035
19726
81856
46789
45343
71384
79043
62563
47623
99985
50468
91663
83134
98603
92688
65346
35419
84029
65293
75371
75229
74184
78062
26431
85999
94718
98173
24587
96146
50257
92467
23198
33496
62454
74326
42371
95992
97746
49064
96339
61231
38313
83105
21080
51676
50700
13040
44962
98797
50074
18162
44690
24998
31679
82643
89950
8513
10281
51560
9862
77912
50130
34004
97398
36140
40056
22722
64057
80297
74470
81917
27744
89019
75128
11887
98553
58759
31426
33797
91297
18569
95800
85675
86388
27239
6523
50517
39318
91364
6859
85678
38670
46989
63423
52294
4635
95709
66827
58847
50243
61708
10984
77027
747
94663
32282
50398
90371
41294
76410
70942
42586
6676
83357
61142
1775
40366
47725
27355
65766
48078
70984
83289
91381
4249
20920
36257
48611
98111
85544
5644
7105
33688
16380
51332
38067
1634
97740
6311
31216
25662
78624
10148
32700
50436
30774
65986
56250
74429
7077
9463
49068
28316
37442
22578
29119
48750
82690
53635
27
77425
15978
88508
91502
85068
81477
40477
65357
92719
40221
36979
21606
66944
53651
8565
95557
4390
63476
19689
54575
76693
69914
93999
14772
41943
83493
84597
24226
33223
95078
7897
8622
91006
49027
20884
30596
47013
13039
26012
71663
56708
37090
76256
51250
3607
2935
37856
73673
48013
20410
26996
44244
16926
58986
44053
90532
21061
20341
13144
25810
74476
49244
1412
78659
54142
33271
12309
37246
10830
3109
40344
50548
40250
91620
98743
5748
59406
8829
21042
4129
38384
81975
87953
35723
57507
56698
57539
97212
8975
36673
2717
15112
48282
9347
64414
61675
77347
6702
50428
43661
70882
38087
52875
84952
61293
57766
84048
32046
5374
21411
55988
83370
72866
43875
1771
99445
49665
81585
1078
7039
65224
44188
21521
67265
89918
32907
98981
18788
59177
99136
63081
80617
48527
60264
83652
79600
94531
41623
23845
96196
69067
53612
39849
11508
56057
83561
7379
74056
9223
24919
11931
21766
34264
56573
9644
97083
73630
21689
14887
92840
16260
21548
8249
92433
883
67235
52640
38345
54166
93099
88284
15190
19717
35508
56569
39759
39422
26979
90199
92307
88670
26568
774
72193
93575
64936
5335
54945
99881
40709
83771
47661
54961
91559
47202
90162
14389
98958
50301
63678
60603
71884
62375
9766
99095
2907
36056
11796
60987
24479
46929
6932
93199
12396
70015
3320
46698
77598
76489
33652
23487
29173
39874
75760
99425
36208
37264
89844
13085
84631
63166
60239
90955
50726
7694
22151
85849
23789
66168
68742
78031
58859
51540
11403
83012
88334
55313
4046
58212
77927
81251
35700
25526
15177
77013
51831
61445
1348
3923
47417
44338
13731
84281
54862
92250
8742
89114
84664
3330
51171
27853
66005
73536
84410
74821
67681
53225
94879
93685
99926
84890
27375
90846
87428
21795
48288
86827
89346
5956
76344
16621
6532
94137
32672
8055
36523
20020
86694
57359
42511
38888
26459
81974
29542
53156
28185
95191
53718
55288
98591
87463
14744
38421
14697
56674
96700
47220
6128
98942
16221
5808
33675
30318
69605
9341
90530
17956
6424
59279
39477
82877
9713
27970
38340
26891
72861
79656
880
61138
8931
91037
53522
28695
29015
59631
37580
32651
68467
13267
57228
11581
97085
245
46153
64049
22468
83899
3999
42325
47174
79617
31121
61560
31754
59650
29966
48166
77195
71092
5042
80423
59600
19831
95233
71589
47171
64514
99588
22614
38755
21959
42223
24792
23691
81471
2714
42430
25379
15972
14506
46046
8401
89843
79355
50940
62953
20234
45001
59626
15520
54933
61397
28758
65970
16121
85761
65337
79138
82954
57719
95364
2763
11531
68093
33370
90197
91894
73685
87532
46838
82989
2127
40991
69730
44811
86483
4848
34803
71813
3754
58544
77678
69557
20279
65035
65474
60351
70178
34091
40146
35736
10151
80267
17124
84843
30305
82376
66265
52871
24882
99987
53753
9173
53012
85729
55131
87993
95046
38258
65729
47773
20418
52628
64124
59438
79911
62671
22219
20178
99040
17871
21232
5798
34518
74461
1011
36029
24245
71427
2792
42652
13928
79440
31763
57420
77139
1279
68581
88345
67770
48106
3170
21655
42961
55855
74620
69259
52945
35717
8454
26615
27857
15959
41408
16211
70278
6474
10501
66951
8666
69086
64462
92565
93722
83163
49590
38664
67951
21382
79211
12278
3023
18851
95450
84258
48878
16468
4212
18697
74160
63269
95149
13912
294
79654
53781
82359
47732
92406
19690
52727
78386
86899
4234
59823
95376
29021
17703
59729
73839
99075
33997
75688
70735
70542
56252
12789
49336
11837
37822
66370
68643
51273
54130
64725
45788
22723
20521
91890
205
86314
62753
23921
29437
62597
13482
28297
37785
86558
22242
80206
20370
13340
98145
44432
62505
55647
59856
71843
95951
35801
22329
11478
72989
33788
10613
41534
98834
12053
12012
63842
20380
93310
78916
48775
79107
87319
60168
18065
11720
57265
49220
2352
38363
91584
25886
60424
1521
91966
44820
40704
15145
22821
36600
79682
25782
77534
44299
70493
62610
69221
82960
13243
18635
69638
78547
32847
43166
20333
90871
97050
25611
67704
76010
57601
94045
15566
45871
6628
5895
16985
15544
86831
15600
91696
15659
53379
86707
38557
20722
71218
3672
96433
54539
1157
11500
32369
11125
66547
93409
47173
21094
13586
49483
5506
60159
95765
68528
23255
59491
85109
27249
91433
14502
69309
71890
72571
82346
73262
16337
89316
84038
72274
81838
9771
48336
26234
82970
80204
76878
99846
78928
19060
17614
32235
65955
1013
79832
3803
53274
38545
82043
99623
53628
68357
1776
7404
27400
90056
2013
80296
33972
66387
53155
27295
32941
87358
58195
72069
73493
31839
55557
72509
9044
70755
45908
15700
20399
84921
41263
97019
62090
32590
97865
74565
91148
728
16285
45500
22080
42392
3012
82432
82966
55553
95243
21308
60783
54819
56712
39191
98757
78266
619
1251
2208
23284
12732
84895
36583
62963
66126
74183
73837
897
9027
93094
37801
69647
58246
8665
68688
42981
80719
23839
96957
65682
89540
47296
18498
39501
50038
82886
30877
96861
86574
28248
35972
97434
35581
88834
82030
9739
11203
72944
12859
3717
49261
62344
12253
12343
6310
14502
3038
21938
37509
65968
50279
62687
3129
27794
79442
37974
32070
49750
49743
97414
90969
98877
33334
76449
45752
60181
97582
63855
53668
62391
18006
55602
92881
6502
44385
63078
7001
21078
62199
88157
83428
23265
90426
60164
76770
58395
94137
37397
96415
55519
72789
31773
17636
68164
50081
5724
26864
62314
71047
86987
79629
37738
33787
13747
44428
5836
413
98031
53128
33176
62003
78979
74164
18789
41317
44827
29756
26962
53987
85948
2314
93257
56790
8007
97753
7742
26024
64969
10727
5869
88282
32218
64218
18273
688
47602
22356
2004
49690
19065
90150
76686
63025
93564
25078
71195
27505
68227
51113
47541
55869
9518
34352
87666
91129
37758
36522
62159
60238
59457
79807
26708
70609
98419
16803
66024
62415