1000
4356
9636
3133
6706
9413
5936
7137
7717
668
7890
2088
4385
2301
7216
7159
6225
2019
5691
5079
807
8810
5013
8438
4707
8095
5316
9619
6303
7237
7823
1032
6519
4700
4164
1570
7155
1278
7367
6495
6401
1998
7780
3106
1743
1024
6334
9291
5217
5565
4220
1828
754
3933
1726
5656
2885
8187
4604
5028
2685
4173
5120
2173
4003
5357
8081
7983
2694
7997
7810
7136
6471
4552
6379
4616
8124
9815
3817
4540
3654
4454
8357
3348
5802
281
3051
3479
2790
8153
9799
3295
9075
768
5929
8373
4485
5412
1233
3295
8828
4826
1930
9095
1717
1293
2834
3660
3369
2926
6069
1182
7930
5333
6771
931
1898
2177
8405
3673
1238
8752
9730
6651
8392
5593
9032
1191
33
9965
9598
6047
6849
9846
2782
9683
9910
1362
4778
1660
9118
3667
861
1920
2512
8506
5041
5415
8984
562
6634
7271
720
2650
3326
5387
2030
7990
2969
4282
5821
9084
9550
3486
670
2395
8886
5449
236
9943
2192
7100
9503
7122
7069
7925
1382
2860
7272
391
1215
5282
1733
2527
1978
8635
7326
9384
7024
5472
5012
6397
1929
3956
6208
1036
1870
1591
6830
2812
9187
5471
5389
7970
5357
5021
3028
9852
99
4022
5611
1805
9813
37
9234
7312
5717
1830
7468
9794
3764
140
7476
9251
93
5920
7104
9190
4414
5927
7596
9061
1471
1130
2755
8305
4025
4817
588
7976
1806
6538
4721
9162
5115
4764
6445
6940
6494
7744
1
9842
9518
3402
5468
8857
1928
5578
2103
2763
6225
8262
5475
5497
5593
8159
2080
2612
9643
3055
3409
3503
4019
5843
143
9568
7701
3352
673
1323
461
134
3070
3665
6134
9424
5922
8163
9919
1284
9737
6836
8477
1582
9245
5513
7036
7391
7682
7199
9211
186
6390
6171
7246
8475
6609
7756
5086
4197
6852
3018
7944
1309
6752
8564
246
9558
3840
9438
2513
7483
926
4955
4497
7329
3578
2617
7222
8358
4438
5447
4056
8149
7280
928
1708
8190
8879
1180
6148
1196
4237
2765
3919
6150
2298
3843
2039
1809
9776
8780
5059
2715
2687
81
3706
5971
6467
2936
4748
1936
2811
5025
2528
2892
4448
2385
6811
1519
5835
8477
9682
1725
3627
4756
5437
6786
5641
4013
3554
6481
6626
2378
20
3664
2188
5094
9638
6667
5081
8052
9216
7858
3132
8870
9363
2045
7588
9205
1547
7797
882
8756
4316
4709
2658
8466
2743
1296
3213
481
421
4619
1481
8171
3717
2303
5073
187
6666
9581
7931
6613
5964
6561
3806
5327
2165
457
5094
1215
9762
1616
9476
4853
6851
8798
4448
711
5059
3470
7598
8458
1029
7462
3283
966
1667
1393
5553
4880
2161
8642
6100
363
3295
349
8338
3399
1899
5329
4270
2286
1672
7639
5743
1730
6021
2616
7720
4975
4994
9356
8327
2746
9814
601
8491
9687
9432
8926
5924
7428
6302
2400
1470
6359
2733
557
5295
2000
4522
2017
2944
110
7847
2617
684
8381
5086
4024
9818
8146
1422
8582
4309
8130
4093
6507
2435
2304
279
6998
7118
8125
7454
4648
5052
2115
9483
9795
37
6733
1616
2486
8697
5293
4249
329
8305
8773
1690
2434
3352
979
6962
3770
6968
2081
3765
7107
5278
6007
3505
9457
2683
9716
317
2833
1844
5090
3816
4272
2519
8621
5006
464
69
6503
9733
2496
1357
5063
3624
9883
534
3854
240
8550
8157
4485
7418
635
2005
1965
1501
4587
593
2005
48
3475
5628
9666
2519
3165
3598
4182
5981
4513
4358
2503
2221
7085
9572
4803
6404
7446
3687
2096
3045
4146
3829
7392
736
9994
9118
7145
2237
9801
6819
1938
8264
4990
3728
4177
5480
6403
4030
3862
8429
2280
7123
1876
9763
6257
9961
5845
7706
672
7071
8493
9970
8787
4611
8727
8964
3190
994
8456
4767
874
2188
1794
4810
2156
1468
237
6190
7872
4027
4320
4851
3702
769
5242
6056
4748
2246
3359
9712
2822
1531
3419
5659
2191
1914
9950
6187
9594
1074
5428
6362
2850
4862
4796
7913
8691
8153
1832
6316
9560
4284
4626
8401
1666
9143
8806
1220
5424
7884
8444
4198
681
7781
9593
625
7984
5107
5018
1551
8421
5245
4548
4183
9072
4895
3646
3865
6003
9071
8401
3400
9536
4430
9565
844
6172
8090
2685
6058
1894
8628
1461
7839
371
3362
391
7169
9710
6731
7562
8989
4918
3921
7473
4493
125
9128
6374
1313
1104
5979
3390
2406
9209
9798
587
2975
4380
9578
6292
2188
11
2395
3333
5903
6883
6456
1831
8399
5814
410
6650
7540
5122
2542
3003
543
782
3741
8056
9368
6091
7078
5192
701
3080
963
3250
7913
3842
633
8004
8641
9547
4622
3568
7382
566
3515
8819
3579
5937
4828
6530
480
2704
5164
8564
2425
9649
698
549
2971
1058
6858
5644
3456
5603
5271
3051
4827
2020
7685
8903
2770
1586
495
2810
4825
354
9091
5476
8293
7352
8486
2086
9377
8661
2788
2860
6039
3027
2721
9563
1890
9456
4737
4965
6740
2922
649
9721
6757
5875
4666
3050
3004
6145
8473
7723
4663
1951
2395
5194
9950
6059
3927
679
3451
96
8579
5612
1998
2290
3345
3458
5255
8217
7855
6021
4148
5863
7133
2704
9018
8805
3681
3060
6683
6125
4063
5767
2687
3418
5922
149
3926
1715
3060
7060
3741
609
9477
1090
5198
3551
3315
1273
9596
6693
8864
8046
9941
4217
6468
8447
2251
9534
5494
4638
3961
7195
3921
5895
9606
3948
6082
268
1343
2789
2531
5704
1517
3581
705
9132
239
1018
1305
1600
6074
7509
4458
4503
2566
2266
9607
5910
4167
1660
6503
3912
1519
635
8519
767
2236
4791
8668
8794
4668
9216
4010
3165
3485
4729
5432
2755
7155
7808
5148
2605
6810
3112
7316
6954
5429
6440
575
2421
6826
9892
272
7605
1903
8448
2399
5862
2206
6618
2626
6478
5742
4568
3619
782
1607
9563
4078
6768
6698
4935
8115
3113
7256
1733
158
7189
5642